Total movies: 800
Movies per year: {2021: np.int64(200), 2022: np.int64(200), 2023: np.int64(200), 2024: np.int64(200)}
--- Worldwide gross ($) ---: 
Mean: 102672722.41
Median: 25535619.0
Mode: [7177868.0, 7187470.0, 7206741.0, 7212471.0, 7241561.0, 7295051.0, 7297522.0, 7305588.0, 7317913.0, 7328061.0, 7330755.0, 7343114.0, 7348964.0, 7361414.0, 7387498.0, 7387882.0, 7388603.0, 7400000.0, 7434047.0, 7478009.0, 7502846.0, 7510050.0, 7527030.0, 7529270.0, 7564756.0, 7591889.0, 7592374.0, 7600000.0, 7614966.0, 7658021.0, 7725143.0, 7762797.0, 7768191.0, 7796800.0, 7858171.0, 7880000.0, 7935363.0, 7942189.0, 8000956.0, 8021940.0, 8022137.0, 8048175.0, 8070000.0, 8108856.0, 8117612.0, 8165361.0, 8166175.0, 8170000.0, 8177284.0, 8184539.0, 8187567.0, 8204616.0, 8209854.0, 8234166.0, 8277788.0, 8287406.0, 8317251.0, 8335766.0, 8353954.0, 8371523.0, 8385030.0, 8441488.0, 8458639.0, 8484475.0, 8528605.0, 8551637.0, 8557763.0, 8567345.0, 8568339.0, 8598322.0, 8598565.0, 8619446.0, 8635184.0, 8737253.0, 8754596.0, 8794981.0, 8798081.0, 8799528.0, 8803864.0, 8804443.0, 8809952.0, 8824101.0, 8826689.0, 8844997.0, 8878821.0, 8900000.0, 8990599.0, 9025291.0, 9065011.0, 9071701.0, 9137007.0, 9163586.0, 9201680.0, 9211570.0, 9223430.0, 9267397.0, 9276103.0, 9285747.0, 9387311.0, 9440754.0, 9449929.0, 9464198.0, 9481437.0, 9482744.0, 9544171.0, 9550733.0, 9600000.0, 9613518.0, 9630048.0, 9655756.0, 9659440.0, 9701747.0, 9738741.0, 9742510.0, 9795364.0, 9802248.0, 9847490.0, 9849193.0, 9927714.0, 9995945.0, 10064347.0, 10067896.0, 10091821.0, 10120340.0, 10138355.0, 10143170.0, 10172403.0, 10174418.0, 10176530.0, 10196704.0, 10224935.0, 10258331.0, 10308627.0, 10337403.0, 10356359.0, 10357479.0, 10357720.0, 10363914.0, 10431631.0, 10435375.0, 10452473.0, 10461239.0, 10462726.0, 10473689.0, 10490328.0, 10585957.0, 10644463.0, 10664328.0, 10740923.0, 10763217.0, 10766032.0, 10824208.0, 10876188.0, 10885116.0, 11063144.0, 11065050.0, 11067228.0, 11075442.0, 11077140.0, 11100000.0, 11149943.0, 11151120.0, 11227393.0, 11239820.0, 11252331.0, 11320893.0, 11325405.0, 11325545.0, 11361087.0, 11374298.0, 11395604.0, 11467726.0, 11498884.0, 11515634.0, 11538081.0, 11580770.0, 11628645.0, 11676459.0, 11713932.0, 11721425.0, 11830860.0, 11873367.0, 11900000.0, 11958548.0, 11976305.0, 12058986.0, 12093536.0, 12100000.0, 12109608.0, 12113004.0, 12121760.0, 12238643.0, 12307072.0, 12311598.0, 12337378.0, 12377310.0, 12419513.0, 12502808.0, 12628017.0, 12648664.0, 12687507.0, 12696584.0, 12778206.0, 12872253.0, 12886684.0, 12899265.0, 12916151.0, 12976079.0, 12977758.0, 13017088.0, 13028535.0, 13037403.0, 13056490.0, 13074255.0, 13078126.0, 13095781.0, 13174292.0, 13222021.0, 13240559.0, 13276393.0, 13280000.0, 13336831.0, 13433834.0, 13457801.0, 13568450.0, 13573923.0, 13728000.0, 13817186.0, 13858876.0, 13929670.0, 13941539.0, 13944212.0, 14032045.0, 14032747.0, 14075140.0, 14127069.0, 14199018.0, 14233027.0, 14281199.0, 14291561.0, 14400000.0, 14403588.0, 14439610.0, 14574445.0, 14584970.0, 14602614.0, 14668098.0, 14679613.0, 14740889.0, 14770359.0, 14781867.0, 14873918.0, 14911562.0, 15017470.0, 15038738.0, 15039250.0, 15067016.0, 15107891.0, 15114378.0, 15152854.0, 15188639.0, 15204017.0, 15234907.0, 15243922.0, 15288578.0, 15348026.0, 15357339.0, 15437703.0, 15439299.0, 15469415.0, 15473051.0, 15569229.0, 15570823.0, 15576286.0, 15621194.0, 15695755.0, 15787674.0, 15835414.0, 15860016.0, 15900290.0, 15902207.0, 15954804.0, 15990882.0, 16062841.0, 16087771.0, 16096860.0, 16198576.0, 16281937.0, 16398509.0, 16400193.0, 16401315.0, 16470005.0, 16510734.0, 16511822.0, 16555362.0, 16573225.0, 16719291.0, 16777410.0, 17111121.0, 17216567.0, 17223704.0, 17252960.0, 17265876.0, 17273502.0, 17480489.0, 17954691.0, 17974964.0, 18066143.0, 18167819.0, 18169453.0, 18184000.0, 18259571.0, 18307258.0, 18425590.0, 18456373.0, 18554715.0, 18648802.0, 18685751.0, 18731309.0, 18737287.0, 18816801.0, 18851416.0, 18867659.0, 18887953.0, 18900000.0, 18911959.0, 19077748.0, 19107200.0, 19133454.0, 19154556.0, 19158302.0, 19198587.0, 19238073.0, 19259766.0, 19353760.0, 19429994.0, 19490980.0, 19506407.0, 19510578.0, 19515102.0, 19686382.0, 19754272.0, 20226058.0, 20282422.0, 20453866.0, 20571534.0, 20590343.0, 20615744.0, 20617005.0, 20640922.0, 20703794.0, 20752104.0, 20810348.0, 21026167.0, 21112012.0, 21120000.0, 21131530.0, 21214331.0, 21309466.0, 21318560.0, 21400327.0, 21464043.0, 21473459.0, 21521622.0, 21530578.0, 21592379.0, 21714524.0, 21723595.0, 21753705.0, 21768133.0, 21786275.0, 21830921.0, 21888295.0, 21948551.0, 21966634.0, 21979122.0, 22026067.0, 22044058.0, 22057160.0, 22134234.0, 22263336.0, 22483370.0, 22500000.0, 22881613.0, 22957625.0, 23055069.0, 23068596.0, 23076711.0, 23099858.0, 23214581.0, 23342264.0, 23920308.0, 24088961.0, 24392492.0, 24821898.0, 24845502.0, 25000869.0, 25246967.0, 25331842.0, 25433615.0, 25637623.0, 25679729.0, 26001227.0, 26214659.0, 26493921.0, 26508132.0, 26514814.0, 26719364.0, 26729106.0, 27052365.0, 27219729.0, 27508866.0, 27827745.0, 27832384.0, 28004162.0, 28218581.0, 28357398.0, 28499044.0, 28692230.0, 28933626.0, 29014500.0, 29048571.0, 29116320.0, 29291883.0, 29663607.0, 29685650.0, 29715044.0, 29837637.0, 29902716.0, 30077348.0, 30107173.0, 30239900.0, 30246869.0, 30552111.0, 30832137.0, 30835715.0, 30842746.0, 30864331.0, 30917972.0, 31182637.0, 31245810.0, 32071378.0, 32137136.0, 32178677.0, 32218874.0, 32224616.0, 32227291.0, 32287400.0, 32407471.0, 32516533.0, 32600000.0, 32800000.0, 32849430.0, 32882823.0, 32978510.0, 33111706.0, 33271404.0, 33276075.0, 33399912.0, 33821338.0, 34114308.0, 34148750.0, 34210966.0, 34891791.0, 34963395.0, 35042879.0, 35271631.0, 35340016.0, 35535308.0, 35714047.0, 36038764.0, 36051506.0, 36071267.0, 36087646.0, 36100000.0, 36258730.0, 36259522.0, 36851831.0, 36964978.0, 37083743.0, 37164152.0, 37289659.0, 37475850.0, 37690000.0, 37917985.0, 38036130.0, 38052695.0, 38235702.0, 38831076.0, 39458207.0, 39529285.0, 39629195.0, 39714624.0, 39978310.0, 40064325.0, 40209224.0, 40362938.0, 40392664.0, 40618920.0, 40815190.0, 41914915.0, 42247783.0, 42439184.0, 42530801.0, 42717215.0, 42791449.0, 43332974.0, 43787034.0, 43977764.0, 43989684.0, 44354825.0, 44658929.0, 44718015.0, 45060290.0, 45175167.0, 45204449.0, 45352337.0, 45620703.0, 45657745.0, 45661644.0, 46333545.0, 46393906.0, 46497678.0, 46553280.0, 46940541.0, 48166448.0, 48324020.0, 48767848.0, 48960581.0, 48983306.0, 49158709.0, 49256239.0, 49685782.0, 50164785.0, 50250625.0, 50541093.0, 50996759.0, 51074773.0, 51637422.0, 52303589.0, 52371887.0, 52700000.0, 52790256.0, 52876550.0, 52946097.0, 53453611.0, 53785551.0, 53845880.0, 53857743.0, 54114815.0, 54293684.0, 54300000.0, 54475970.0, 54486330.0, 54760947.0, 54768317.0, 55501365.0, 56088478.0, 56319794.0, 56475835.0, 57105156.0, 57490985.0, 57510518.0, 57615635.0, 57908426.0, 57995770.0, 58348836.0, 59095809.0, 59629242.0, 59806881.0, 60692022.0, 60730568.0, 64679830.0, 64960676.0, 65774490.0, 67307243.0, 67319703.0, 68819191.0, 69633110.0, 70060492.0, 70157472.0, 72699093.0, 73621640.0, 74515586.0, 74978738.0, 75159828.0, 76004405.0, 76012917.0, 76016171.0, 76756109.0, 76987621.0, 76994245.0, 77411570.0, 77609926.0, 77770614.0, 78132231.0, 79628200.0, 80426848.0, 80563999.0, 82677281.0, 83410298.0, 84044095.0, 84426031.0, 84550282.0, 86562140.0, 87256407.0, 87609403.0, 88314672.0, 88632979.0, 89123940.0, 90060106.0, 90146510.0, 91824961.0, 92181735.0, 92651384.0, 92870950.0, 93882453.0, 93891418.0, 95371578.0, 96019408.0, 96221061.0, 97476565.0, 97562514.0, 100255784.0, 100498764.0, 101166707.0, 103966489.0, 104272136.0, 104374176.0, 104793431.0, 106771806.0, 107347356.0, 108136957.0, 111080122.0, 112202480.0, 112583450.0, 113360085.0, 113676322.0, 116720921.0, 117449790.0, 117625455.0, 119815153.0, 122076738.0, 122290456.0, 125897478.0, 126185957.0, 126942386.0, 128317206.0, 129364141.0, 130423032.0, 130788072.0, 131647155.0, 132326332.0, 133473559.0, 134138006.0, 136294607.0, 136536687.0, 137307235.0, 137743924.0, 138083280.0, 139407019.0, 144327371.0, 144353965.0, 146745280.0, 147033054.0, 150123320.0, 152720535.0, 153269161.0, 153901717.0, 157386805.0, 158302288.0, 158764012.0, 161440742.0, 163692228.0, 165946943.0, 166347514.0, 166377561.0, 167460961.0, 168717425.0, 168770985.0, 171235592.0, 171315305.0, 172766713.0, 173775791.0, 180089109.0, 180828556.0, 181073291.0, 181325565.0, 181848832.0, 189086877.0, 190309707.0, 191067560.0, 192907684.0, 197143218.0, 201967521.0, 204334455.0, 204986920.0, 205187763.0, 205842393.0, 206136825.0, 206400287.0, 206431050.0, 207557117.0, 209372790.0, 210564198.0, 211019042.0, 217254604.0, 217408513.0, 220310798.0, 220889446.0, 221394838.0, 221831086.0, 226425420.0, 233503234.0, 234572723.0, 239268602.0, 250387888.0, 250570396.0, 254997360.0, 256786742.0, 261656269.0, 261786322.0, 269667073.0, 271433313.0, 276148615.0, 281460503.0, 287740048.0, 291493620.0, 297372261.0, 299863204.0, 301957043.0, 324291115.0, 331526598.0, 335226293.0, 348900019.0, 350865342.0, 350993761.0, 370962265.0, 373021923.0, 379751655.0, 383963057.0, 393452111.0, 397378150.0, 397800317.0, 402064899.0, 402127830.0, 404547819.0, 405421518.0, 407141258.0, 407150844.0, 408402685.0, 432243292.0, 435153922.0, 439381226.0, 440180275.0, 441381193.0, 451100435.0, 460237662.0, 470116094.0, 476071180.0, 476857448.0, 481757663.0, 487637474.0, 496444308.0, 506813864.0, 532600264.0, 547689492.0, 569626289.0, 570619838.0, 571750016.0, 615023132.0, 626571697.0, 634402312.0, 640176210.0, 670491959.0, 686257563.0, 690542303.0, 704875015.0, 714444358.0, 726229501.0, 760928081.0, 772245583.0, 774153007.0, 822009764.0, 845555777.0, 859208836.0, 896608683.0, 902548476.0, 940203765.0, 955775804.0, 969126452.0, 975594978.0, 1001978080.0, 1338073645.0, 1360847665.0, 1446938421.0, 1495696292.0, 1698772985.0, 1910982770.0, 2320250281.0]
Std Dev: 218174693.81
Min: 7177868.0
Max: 2320250281.0
Top-grossing movie overall: Avatar: The Way of Water (2022) - $2,320,250,281
--- Top movie per year ---: 
2021: Spider-Man: No Way Home - $1,910,982,770
2022: Avatar: The Way of Water - $2,320,250,281
2023: Barbie - $1,446,938,421
2024: Inside Out 2 - $1,698,772,985
--- Rating (0-vote rows excluded) ---: 
Mean rating: 6.846
Median rating: 6.9
Std Dev rating: 0.801
--- Most common genres ---: 
Top 5 genres: {'Drama': np.int64(303), 'Comedy': np.int64(254), 'Action': np.int64(232), 'Adventure': np.int64(180), 'Thriller': np.int64(154)}
--- Most common original language ---: 
Top 5 languages: {'en': np.int64(410), 'ja': np.int64(93), 'zh': np.int64(48), 'fr': np.int64(48), 'ko': np.int64(46)}
--- Domestic vs Foreign split ---: 
Avg Domestic %: 27.46
Avg Foreign %: 72.53